734
1091
763
1053
2573
2315
2247
1018
501
1865
2511
2384
1695
867
1884
1106
1386
845
917
1441
1610
2172
27
1590
550
1328
217
199
2292
1313
76
1832
2391
942
1079
870
1141
252
410
1261
2507
1456
894
1413
249
2176
958
2197
950
343
660
2414
1485
1191
1670
360
1567
826
2557
2407
109
338
1791
273
1930
1515
2346
381
735
1248
1742
1863
651
2460
1499
1642
2508
2177
2004
741
1620
1382
1365
481
1895
2195
1004
1735
1119
218
1229
324
1889
545
2185
2002
1962
728
1597
938
2044
1447
1737
890
1110
2479
1760
849
1979
245
1293
32
1217
67
1890
43
1607
1459
235
1790
1830
2038
1584
1092
2
1914
2255
1120
609
379
1842
2285
456
1606
1605
1428
1255
1686
536
691
1936
1389
649
819
303
2527
395
1544
275
1558
1525
2451
1300
2189
2179
637
2162
2282
170
1999
2576
2094
2013
1755
2058
1146
2228
233
322
1479
1851
376
1353
1156
1109
2080
2503
2558
2300
8
800
1803
1672
30
1822
2374
1070
1358
902
1260
2487
2051
626
2347
359
788
65
1418
2443
484
2477
1722
1932
2192
2289
225
621
2261
311
1367
304
262
89
1202
2497
967
1289
2236
2291
1793
828
1317
2363
2561
969
36
366
132
872
1432
844
1877
41
1906
1114
2066
627
1739
1112
668
2178
2394
2241
1886
117
318
282
2473
1172
94
1224
214
2322
25
2272
2023
806
163
1453
152
1384
687
471
1574
1449
341
1377
2489
930
2115
1259
1560
2039
2403
1186
221
1807
530
1173
1837
1829
2299
1934
2262
904
774
2145
70
1262
803
2140
2539
1177
1554
1438
797
914
2089
2151
1498
658
1843
390
2048
13
52
1025
1268
444
903
674
2217
1024
696
1274
95
1506
1873
772
542
1430
1557
1271
1939
678
761
907
156
75
259
176
1366
2581
2100
1118
129
2059
978
2436
2111
2006
2432
898
1096
1113
2475
92
1250
260
1665
348
1663
1243
1713
1749
1099
2246
1900
1041
579
571
35
1774
2216
1696
1534
984
2544
1421
538
1299
2141
234
1375
1946
1322
210
877
517
2173
2344
1835
630
2366
1521
1701
507
161
426
1194
2201
496
2481
798
1583
354
2027
2552
679
1712
489
301
810
2065
994
1796
528
1137
2032
911
1493
1496
0
702
884
1685
706
2453
383
2530
531
1799
1699
172
1454
1983
1643
387
2569
1085
2212
2422
2221
2253
715
794
2528
1088
1871
2242
1222
2516
713
2325
1841
1798
891
247
2307
1980
283
947
164
1669
1784
2214
512
382
1671
1117
2209
590
1343
368
344
1687
1942
2088
11
1714
1533
1649
2096
533
2376
100
461
317
1880
924
1134
389
1014
2220
895
251
105
673
1915
2014
2231
2134
943
416
2441
1420
909
108
2555
196
2383
1624
513
1566
1868
1160
1855
478
1470
2336
1839
1101
1814
1845
246
1623
253
1364
547
1198
754
268
165
961
72
587
18
186
1537
555
2357
1778
1616
2440
385
2069
1920
1667
9
119
122
756
2273
380
68
799
1657
1899
2559
2078
2281
2354
1279
195
48
197
692
837
970
6
2161
1340
1223
1484
1630
1853
1104
757
179
1363
2431
1710
2113
1622
1412
1258
1153
1084
1409
1103
1168
1548
1419
647
582
300
296
1270
238
232
546
749
695
1460
177
2295
1615
2532
2409
488
1526
81
110
2488
2055
1637
708
228
2120
853
1347
1910
1965
1988
44
205
1157
561
2304
744
974
369
1592
1589
1991
944
1187
1846
1711
408
2321
1666
1785
2085
2090
1147
2542
1059
1280
1523
1073
2332
549
492
1508
1133
506
2218
146
559
1986
61
2244
889
1898
1487
2104
1040
2025
500
1184
437
1401
2462
1909
1058
1342
1080
861
1497
581
899
1200
1272
398
1725
1738
346
2398
860
98
1185
725
1602
557
42
4
1136
809
645
1741
1949
2103
2054
856
1925
1144
2501
1673
1135
1392
2564
633
733
1237
391
224
780
848
669
167
1759
1856
1935
765
2077
1170
2279
568
1001
2360
2537
1683
194
1435
2343
1208
1747
291
2158
1882
785
1378
99
239
2102
1659
1704
293
2194
3
1087
2081
2364
56
223
255
1362
2153
274
1614
423
24
505
1221
1993
1904
2278
1326
375
1768
462
1565
2271
1948
276
1297
562
1705
227
959
532
1234
2226
2327
1290
527
1352
1698
203
635
664
758
1442
1324
847
1077
1348
1247
1038
450
1277
2401
2108
1189
1425
883
1207
1881
1065
1380
885
2123
941
1745
1992
1638
1860
1781
922
1176
280
1246
2233
1874
470
786
934
918
1507
1547
539
2171
250
229
578
937
2461
15
455
2128
16
2449
707
567
1559
729
569
149
650
2016
1301
1938
1826
2101
1852
1035
2483
2351
1715
2450
1510
2205
190
1917
241
1802
1379
790
422
2380
631
1632
281
47
209
1626
655
2457
1344
2459
572
168
2265
878
1786
1694
1284
1724
2267
1276
1323
964
342
1285
1426
2068
1458
1552
2293
1777
2284
1956
629
1417
2498
78
2290
634
115
1164
1978
1801
2150
755
1145
1546
1542
2502
2335
2309
2485
842
2301
2474
1501
2404
112
560
1530
226
486
1504
2339
2536
1828
1495
709
1345
802
1090
1230
2155
1625
1883
173
2428
2379
1355
912
2442
1511
2314
1000
1434
2053
771
737
1130
46
125
1913
2416
784
876
458
1196
271
951
739
2005
157
1961
356
175
1295
1664
38
1772
1337
1928
1688
2329
1349
2252
1951
1728
1887
1924
1162
1150
1675
411
524
1591
269
490
881
2504
2326
955
2565
499
2510
835
2043
966
2126
59
1011
1095
1902
2427
1810
1927
919
428
2131
1519
1042
808
340
362
2583
2166
2568
2550
2486
312
1319
608
659
1253
976
1395
2567
104
1561
2064
1210
999
1729
1462
975
2418
2037
2060
1635
1263
66
1281
2490
913
279
2312
1228
1204
2387
814
1152
2389
1360
1581
1859
351
418
2143
1142
2549
1940
2132
789
1795
1551
979
116
2393
384
723
1067
2035
1815
154
1312
1242
1494
671
2465
1648
2395
726
1060
1209
2008
465
603
858
724
742
2062
144
1357
2499
782
2251
1464
523
2538
526
1736
1656
2445
2024
1368
2266
114
14
2492
2476
2119
1636
193
1390
1138
2190
1452
541
2086
830
2249
256
1681
1062
888
1481
374
1848
2210
1302
2493
1480
208
2269
1400
1193
1897
1569
1044
2434
1437
1674
405
2518
1905
17
96
1371
1132
662
201
502
2421
1960
466
292
831
2122
653
597
1509
1166
2556
768
206
1609
983
795
1444
1414
570
159
1517
326
2454
26
1165
986
820
2239
350
460
611
1140
1576
1083
514
1457
1314
1587
1891
2310
1875
807
936
1794
805
548
452
1330
102
688
2367
2553
2230
1098
171
923
1122
738
2382
2517
166
574
1572
654
778
1190
63
1823
666
2034
1315
1952
308
1692
2071
1668
270
1233
2362
998
446
2015
222
1593
2514
672
1976
1916
573
1054
822
331
656
2469
107
1318
130
1850
1779
1821
2181
2348
2572
2562
699
1022
1033
287
37
474
2245
644
787
336
1964
522
624
614
1631
294
675
1633
1448
347
137
935
2074
1410
2370
85
2316
34
1174
2533
2264
310
866
1677
1490
1766
1003
2545
1858
2584
1564
2400
126
443
1720
1131
834
2125
424
1989
612
141
277
103
1678
1578
945
2203
73
1809
187
529
1974
2041
464
2198
605
1252
2079
1128
2268
1361
212
1977
1199
1336
2547
600
2193
90
2388
2107
2330
804
2257
850
1383
1232
680
2168
2305
1123
1471
407
972
1997
1124
925
1908
2467
188
1039
1611
1056
1167
182
892
832
449
1682
710
2087
1818
298
2223
1036
1693
1862
504
981
731
816
248
551
840
598
1854
1658
1220
1195
552
665
330
337
1538
2200
825
827
2288
1752
2084
929
242
1553
2130
487
1805
1782
2482
440
332
1201
689
685
1469
2359
2067
353
1684
1050
2091
2118
2302
2227
1171
313
1577
329
1335
2036
2377
1734
1391
670
953
2406
1214
1465
2222
2276
591
1037
556
928
2495
162
2040
722
643
58
1549
991
2296
140
2095
584
1422
1069
1833
1990
1372
1926
243
202
2470
525
1717
371
636
543
1127
1159
2050
2215
1287
288
1009
2525
2137
2524
1108
64
2566
711
759
817
965
1653
45
1996
2582
2149
441
1619
2341
1568
1775
120
2160
601
2512
1706
1354
1298
323
1178
1746
1398
2029
2494
1027
641
2256
1527
135
435
373
2007
616
1045
1472
2184
2144
980
594
962
1872
2484
216
683
2098
2313
1730
1466
2263
392
773
693
823
583
1369
1206
2417
400
1613
2286
879
1149
1151
1981
990
2386
191
278
1550
1154
534
297
906
1356
2174
307
1071
31
2133
1562
377
2578
169
1334
704
1532
596
493
2410
690
1543
846
2063
2136
1907
1731
415
147
1811
2306
2019
719
652
2447
663
1403
1415
1249
686
2187
553
1181
2258
2369
1066
106
1292
1306
1918
1266
1972
2439
412
2480
2235
1797
2543
20
316
1808
2135
576
720
1599
2500
319
859
215
1838
328
1370
2146
1892
1639
402
1763
406
544
1824
2324
1013
745
459
2426
2412
863
841
1093
127
2563
1180
508
1644
1600
586
1175
1524
2250
1944
1081
2337
2116
1107
2385
1197
1008
1847
1885
577
2020
2170
160
1661
1074
284
1708
1055
121
1394
21
989
1486
55
963
1239
1603
2323
1575
1283
993
783
433
1995
2352
1316
2435
1757
1580
2152
2425
521
1359
1792
1376
1182
1923
511
2540
230
180
1257
1857
855
2433
1933
770
50
2308
1787
1282
796
138
700
86
1321
88
2211
1975
1015
746
174
2010
1921
2030
617
1514
1215
592
448
2531
432
1212
477
2139
2521
2070
932
1579
868
880
971
833
118
1612
775
1406
305
2541
436
873
1876
258
1994
2466
403
516
299
1751
2046
2164
1407
2298
865
1446
1111
1433
1
2083
145
23
2142
1556
1901
1726
613
882
1308
2529
476
2586
1245
365
900
2159
648
811
1816
1491
12
2430
7
87
1339
150
791
1467
960
394
1570
2204
908
1516
28
29
2180
732
409
1702
264
1068
334
1026
185
19
1329
219
1451
1618
1929
1265
1555
2240
1278
2551
2114
893
864
1984
1121
977
1374
2121
1520
751
5
1492
1381
1017
2350
84
1473
1461
2328
1844
520
939
2423
1662
1478
1604
263
1310
397
2260
2003
1608
183
1912
10
910
762
2186
1945
396
1819
445
1502
916
2169
703
333
1405
1867
2057
184
836
657
1286
39
1010
992
921
599
2076
1048
2319
1513
113
1148
2232
192
625
623
1303
1267
2456
2405
946
2358
1294
2574
1541
469
1652
1812
801
1304
1203
1061
1440
1424
949
388
509
839
494
467
1840
1531
874
1765
1325
327
815
1896
51
2458
1385
1849
1654
638
1601
480
1387
123
1941
1455
777
933
1034
498
743
158
2105
1305
1431
2001
1463
427
821
1718
361
1163
71
134
677
475
1443
1870
1911
1227
60
606
1697
2188
1102
1645
2106
760
1086
766
2112
589
370
352
1338
716
915
231
2196
736
153
2056
237
128
1169
451
575
2047
473
684
1987
2157
2303
2368
2311
2513
1482
306
1288
1049
1020
2182
2546
1586
2124
1126
1691
1955
1919
1205
2560
1864
2320
717
1813
2012
2515
240
2208
615
1869
2275
1650
1105
779
750
1806
2237
1973
747
1820
1598
1031
367
1416
2396
198
399
1468
2575
610
752
1399
2318
1861
2017
2225
2117
987
244
1264
417
1651
2444
905
1076
1588
2520
563
792
372
143
982
1291
447
2147
1780